0,0,0,0,0,0,0,0,0,0,0,0,0,0,0,0,0,0,0,0,0,0,0,0,0,0,0,0,
0,0,0,0,0,0,0,0,0,0,0,0,0,0,0,0,0,0,0,0,0,0,0,0,0,0,0,0,
0,0,0,0,0,0,0,0,0,0,0,0,0,0,0,0,0,0,0,0,0,0,0,0,0,0,0,0,
1377,1378,1378,1378,1378,1378,1378,1378,1378,1378,1378,1378,1378,1378,1378,1378,1378,1378,1378,1378,1378,1378,1378,1378,1378,1378,1378,1379,
1377,1378,1378,1378,1378,1378,1378,1378,1378,1378,1378,1378,1378,1378,1378,1378,1378,1378,1378,1378,1378,1378,1378,1378,1378,1378,1378,1379,
1377,1378,1378,1378,1378,1378,1378,1378,1378,1378,1378,1378,1378,1378,1378,1378,1378,1378,1378,1378,1378,1378,1378,1378,1378,1378,1378,1379,
1377,1378,1378,1378,1378,1378,1378,1378,1378,1378,1378,1378,1378,1378,1378,1378,1378,1378,1378,1378,1378,1378,1378,1378,1378,1378,1378,1379,
1377,1378,1378,1378,1378,1378,1378,1378,1378,1378,1378,1378,1378,1378,1378,1378,1378,9,1378,1378,1378,1378,1378,1378,1378,1378,1378,1379,
1377,1378,1378,1378,1378,1378,1378,1378,1378,1378,1378,1378,1378,1378,1378,1378,1378,9,9,1378,1378,1378,1378,1378,1378,1378,1378,1379,
1377,1378,1378,1378,1378,1378,1378,1378,1378,1378,1378,1378,1378,1378,1378,1378,1378,9,1378,1378,1378,1378,1378,1378,1378,1378,1378,1379,
1377,1378,1378,1378,1378,1378,1378,1378,1378,1378,1378,1378,1378,1378,1378,9,9,9,1378,1378,1378,1378,1378,1378,1378,1378,1378,1379,
1377,1378,1378,1378,1378,1378,1378,1378,1378,1378,1378,1378,1378,1378,9,9,1378,1378,1378,1378,1378,1378,1378,1378,1378,1378,1378,1379,
1377,1378,1378,1378,1378,1378,1378,1378,1378,1378,1378,1378,1378,1378,9,9,9,9,9,1378,1378,1378,1378,1378,1378,1378,1378,1379,
1377,1378,1378,1378,1378,1378,1378,1378,1378,1378,1378,1378,1378,1378,1378,1378,1378,1378,1378,1378,1378,1378,1378,1378,1378,1378,1378,1379,
1377,1378,1378,1378,1378,1378,1378,1378,1378,1378,1378,1378,1378,1378,1378,1378,1378,1378,1378,1378,1378,1378,1378,1378,1378,1378,1378,1379,
1377,1378,1378,1378,1378,1378,1378,1378,1378,1378,1378,1378,1378,1378,1378,1378,1378,1378,1378,1378,1378,1378,1378,1378,1378,1378,1378,1379,
1377,1378,1378,1378,1378,1378,1378,1378,1378,1378,1378,1378,1378,1378,1378,1378,1378,1378,1378,1378,1378,1378,1378,1378,1378,1378,1378,1379,
1377,1378,1378,1378,1378,1378,1378,1378,1378,1378,1378,1378,1378,1378,1378,1378,1378,1378,1378,1378,1378,1378,1378,1378,1378,1378,1378,1379,
1377,1378,1378,1378,1378,1378,1378,1378,1378,1378,1378,1378,1378,1378,1378,1378,1378,1378,1378,1378,1378,1378,1378,1378,1378,1378,1378,1379,
1377,1378,1378,1378,1378,1378,1378,1378,1378,1378,1378,1378,1378,1378,1378,1378,1378,1378,1378,1378,1378,1378,1378,1378,1378,1378,1378,1379,
1377,1378,1378,1378,1378,1378,1378,1378,1378,1378,1378,1378,1378,1378,1378,1378,1378,1378,1378,1378,1378,1378,1378,1378,1378,1378,1378,1379,
1377,1378,1378,1378,1378,1378,1378,1378,1378,1378,1378,1378,1378,1378,1378,1378,1378,1378,1378,1378,1378,1378,1378,1378,1378,1378,1378,1379,
1377,1378,1378,1378,1378,1378,1378,1378,1378,1378,1378,1378,1378,1378,1378,1378,1378,1378,1378,1378,1378,1378,1378,1378,1378,1378,1378,1379,
1385,1386,1386,1386,1386,1386,1386,1386,1386,1386,1386,1386,1386,1386,1386,1386,1386,1386,1386,1386,1386,1386,1386,1386,1386,1386,1386,1387