1369,1370,1370,1370,1370,1370,1370,1370,1370,1370,1370,1370,1370,1370,1370,1370,1370,1370,1370,1370,1370,1370,1370,1370,1370,1370,1371,
1377,1378,1378,1378,1378,1378,1378,1378,1378,1378,1378,1378,1378,1378,1378,1378,1378,1378,1378,1378,1378,1378,1378,1378,1378,1378,1379,
1377,1378,1378,1378,1378,1378,1378,1378,1378,1378,1378,1378,1378,1378,1378,1378,1378,1378,1378,1378,1378,1378,1378,1378,1378,1378,1379,
1377,1378,1378,1378,1378,1378,1378,1378,1378,1378,1378,1378,1378,1378,1378,1378,1378,1378,1378,1378,1378,1378,1378,1378,1378,1378,1379,
1377,1378,1378,1378,1378,1378,1378,1378,1378,1378,1378,1378,1378,1378,1378,1378,1378,1378,1378,1378,1378,1378,1378,1378,1378,1378,1379,
1377,1378,1378,1378,1378,1378,1378,1378,1378,1378,1378,1378,1378,1378,1378,1378,1378,1378,1378,1378,1378,1378,1378,1378,1378,1378,1379,
1377,1378,1378,1378,1378,1378,1378,1378,1378,1378,1378,1378,1378,1378,1378,1378,1378,1378,1378,1378,1378,1378,1378,1378,1378,1378,1379,
1377,1378,1378,1378,1378,1378,1378,1378,1378,1378,1378,1378,1378,1378,1378,1378,1378,1378,1378,1378,1378,1378,1378,1378,1378,1378,1379,
1377,1378,1378,1378,1378,1378,1378,1378,1378,1378,1378,1378,1378,1378,1378,1378,1378,1378,1378,1378,1378,1378,1378,1378,1378,1378,1379,
1377,1378,1378,1378,1378,1378,1378,1378,1378,1378,1378,1378,1378,1378,1378,1378,1378,1378,1378,1378,1378,1378,1378,1378,1378,1378,1379,
1377,1378,1378,1378,1378,1378,1378,1378,1378,1378,1378,1378,1378,1378,1378,1378,1378,1378,1378,1378,1378,1378,1378,1378,1378,1378,1379,
1377,1378,1378,1378,1378,1378,1378,1378,1378,1378,1378,1378,1378,1378,1378,1378,1378,1378,1378,1378,1378,1378,1378,1378,1378,1378,1379,
1377,1378,1378,1378,1378,1378,1378,1378,1378,1378,1378,1378,1378,1378,1378,1378,1378,1378,1378,1378,1378,1378,1378,1378,1378,1378,1379,
1377,1378,1378,1378,1378,1378,1378,1378,1378,1378,1378,1378,1378,1378,1378,1378,1378,1378,1378,1378,1378,1378,1378,1378,1378,1378,1379,
1377,1378,1378,1378,1378,1378,1378,1378,1378,1378,1378,1378,1378,1378,1378,1378,1378,1378,1378,1378,1378,1378,1378,1378,1378,1378,1379,
1385,1386,1386,1386,1386,1386,1386,1386,1386,1386,1386,1386,1386,1386,1386,1386,1386,1386,1386,1386,1386,1386,1386,1386,1386,1386,1387